# MUV Phi err_m err_p initial_comoving_distance delta_Muv
-2.185000000000e+01 3.000000000000e-06 2.320600000000e-06 2.320600000000e-06 8.943205186748e+03 5.000000000000e-01
-2.135000000000e+01 1.200000000000e-05 4.558000000000e-06 4.558000000000e-06 8.943205186748e+03 5.000000000000e-01
-2.085000000000e+01 4.100000000000e-05 1.235740000000e-05 1.235740000000e-05 8.943205186748e+03 5.000000000000e-01
-2.010000000000e+01 1.200000000000e-04 4.418800000000e-05 4.418800000000e-05 8.943205186748e+03 7.500000000000e-01
-1.935000000000e+01 6.570000000000e-04 2.540166000000e-04 2.540166000000e-04 8.943205186748e+03 7.500000000000e-01
-1.860000000000e+01 1.100000000000e-03 3.671660000000e-04 3.671660000000e-04 8.943205186748e+03 7.500000000000e-01
-1.760000000000e+01 3.020000000000e-03 1.219344000000e-03 1.219344000000e-03 8.943205186748e+03 1.000000000000e+00
-1.875000000000e+01 1.800000000000e-03 6.000000000000e-04 6.000000000000e-04 8.943205186748e+03 5.000000000000e-01
-1.825000000000e+01 1.600000000000e-03 7.000000000000e-04 7.000000000000e-04 8.943205186748e+03 5.000000000000e-01
-1.775000000000e+01 3.700000000000e-03 1.200000000000e-03 1.200000000000e-03 8.943205186748e+03 5.000000000000e-01
-1.725000000000e+01 5.800000000000e-03 2.000000000000e-03 2.300000000000e-03 8.943205186748e+03 5.000000000000e-01
-1.675000000000e+01 6.300000000000e-03 3.000000000000e-03 4.000000000000e-03 8.943205186748e+03 5.000000000000e-01
-1.625000000000e+01 1.900000000000e-02 8.000000000000e-03 1.300000000000e-02 8.943205186748e+03 5.000000000000e-01
-1.575000000000e+01 1.600000000000e-02 1.100000000000e-02 1.800000000000e-02 8.943205186748e+03 5.000000000000e-01
-1.525000000000e+01 1.400000000000e-02 1.100000000000e-02 2.600000000000e-02 8.943205186748e+03 5.000000000000e-01
-1.425000000000e+01 1.100000000000e-01 9.000000000000e-02 2.300000000000e-01 8.943205186748e+03 1.000000000000e+00
-1.375000000000e+01 5.300000000000e-01 3.900000000000e-01 1.030000000000e+00 8.943205186748e+03 5.000000000000e-01
-1.325000000000e+01 2.000000000000e-01 1.600000000000e-01 9.900000000000e-01 8.943205186748e+03 5.000000000000e-01
-2.078000000000e+01 8.800000000000e-05 4.400000000000e-05 7.100000000000e-05 8.943205186748e+03 5.700000000000e-01
-2.021000000000e+01 1.300000000000e-04 6.000000000000e-05 6.000000000000e-05 8.943205186748e+03 5.700000000000e-01
-1.968000000000e+01 4.200000000000e-04 1.100000000000e-04 1.100000000000e-04 8.943205186748e+03 5.300000000000e-01
-1.929000000000e+01 8.000000000000e-04 1.800000000000e-04 1.800000000000e-04 8.943205186748e+03 3.900000000000e-01
-1.883000000000e+01 1.160000000000e-03 2.800000000000e-04 2.800000000000e-04 8.943205186748e+03 4.600000000000e-01
-1.827000000000e+01 2.530000000000e-03 2.530000000000e-03 7.900000000000e-04 8.943205186748e+03 5.400000000000e-01
-2.115000000000e+01 2.256000000000e-05 1.946000000000e-05 1.946000000000e-05 8.943205186748e+03 5.000000000000e-01
-2.065000000000e+01 4.546000000000e-05 3.140000000000e-05 3.140000000000e-05 8.943205186748e+03 5.000000000000e-01
-2.015000000000e+01 1.391000000000e-04 6.328000000000e-05 6.328000000000e-05 8.943205186748e+03 5.000000000000e-01
-1.965000000000e+01 2.737000000000e-04 9.947000000000e-05 9.947000000000e-05 8.943205186748e+03 5.000000000000e-01
-1.915000000000e+01 7.420000000000e-04 3.132000000000e-04 3.132000000000e-04 8.943205186748e+03 5.000000000000e-01
-2.165000000000e+01 2.950000000000e-06 1.021944000000e-06 1.021944000000e-06 8.943205186748e+03 5.000000000000e-01
-2.215000000000e+01 5.800000000000e-07 3.463020000000e-07 3.463020000000e-07 8.943205186748e+03 7.500000000000e-01
-2.290000000000e+01 1.400000000000e-07 6.395400000000e-08 6.395400000000e-08 8.943205186748e+03 7.500000000000e-01
