# MUV Phi err_m err_p initial_comoving_distance delta_Muv
-2.034000000000e+01 3.981071705535e-05 4.035665922432e-05 1.237962594412e-04 9.210341923218e+03 1.000000000000e+00
-1.934000000000e+01 1.348962882592e-04 1.344296638265e-04 4.123703462954e-04 9.210341923218e+03 1.000000000000e+00
-1.834000000000e+01 1.513561248436e-03 1.149291048864e-03 2.259392921050e-03 9.210341923218e+03 1.000000000000e+00
-1.734000000000e+01 8.317637711027e-04 8.923546619875e-04 4.222455230663e-03 9.210341923218e+03 1.000000000000e+00
-1.750000000000e+01 1.698243652462e-03 4.959792178443e-04 4.895179714878e-04 9.210341923218e+03 1.000000000000e+00
-1.650000000000e+01 5.011872336273e-03 2.320337532346e-03 2.232487264477e-03 9.210341923218e+03 1.000000000000e+00
-2.192000000000e+01 1.000000000000e-06 9.165600000000e-07 1.145700000000e-06 9.210341923218e+03 8.000000000000e-01
-2.112000000000e+01 7.000000000000e-06 3.381900000000e-06 3.381900000000e-06 9.210341923218e+03 8.000000000000e-01
-2.032000000000e+01 2.600000000000e-05 1.001160000000e-05 1.001160000000e-05 9.210341923218e+03 8.000000000000e-01
-1.912000000000e+01 1.870000000000e-04 1.642350000000e-04 1.642350000000e-04 9.210341923218e+03 8.000000000000e-01
-1.792000000000e+01 9.230000000000e-04 5.417814000000e-04 5.417814000000e-04 9.210341923218e+03 1.200000000000e+00
-1.875000000000e+01 3.000000000000e-04 2.000000000000e-04 3.000000000000e-04 9.210341923218e+03 5.000000000000e-01
-1.825000000000e+01 7.000000000000e-04 5.000000000000e-04 5.000000000000e-04 9.210341923218e+03 5.000000000000e-01
-1.775000000000e+01 6.000000000000e-04 5.000000000000e-04 5.000000000000e-04 9.210341923218e+03 5.000000000000e-01
-1.725000000000e+01 9.000000000000e-04 7.000000000000e-04 1.000000000000e-03 9.210341923218e+03 5.000000000000e-01
-1.675000000000e+01 1.600000000000e-03 1.300000000000e-03 2.200000000000e-03 9.210341923218e+03 5.000000000000e-01
-1.625000000000e+01 9.100000000000e-03 6.500000000000e-03 9.400000000000e-03 9.210341923218e+03 5.000000000000e-01
-1.575000000000e+01 2.100000000000e-03 1.700000000000e-03 6.600000000000e-03 9.210341923218e+03 5.000000000000e-01
-2.058000000000e+01 7.100000000000e-05 4.000000000000e-05 7.000000000000e-05 9.210341923218e+03 5.000000000000e-01
-2.030000000000e+01 9.500000000000e-05 4.800000000000e-05 7.700000000000e-05 9.210341923218e+03 5.000000000000e-01
-1.953000000000e+01 2.300000000000e-04 9.000000000000e-05 9.000000000000e-05 9.210341923218e+03 5.000000000000e-01
-1.934000000000e+01 3.100000000000e-04 1.100000000000e-04 1.100000000000e-04 9.210341923218e+03 5.000000000000e-01
-1.889000000000e+01 6.700000000000e-04 2.400000000000e-04 2.400000000000e-04 9.210341923218e+03 5.000000000000e-01
-1.835000000000e+01 3.900000000000e-04 2.600000000000e-04 5.200000000000e-04 9.210341923218e+03 5.000000000000e-01
-2.175000000000e+01 9.660000000000e-06 8.080000000000e-06 8.080000000000e-06 9.210341923218e+03 1.500000000000e+00
-2.025000000000e+01 6.774000000000e-05 2.963000000000e-05 2.963000000000e-05 9.210341923218e+03 1.500000000000e+00
-1.925000000000e+01 1.729000000000e-04 8.299000000000e-05 8.229000000000e-05 9.210341923218e+03 1.000000000000e+00
-1.825000000000e+01 7.341000000000e-04 5.415000000000e-04 5.415000000000e-04 9.210341923218e+03 1.000000000000e+00
-2.190000000000e+01 8.400000000000e-07 5.096980000000e-07 5.096980000000e-07 9.210341923218e+03 1.000000000000e+00
-2.290000000000e+01 1.600000000000e-07 1.153240000000e-07 1.153240000000e-07 9.210341923218e+03 1.000000000000e+00
