# MUV Phi err_m err_p initial_comoving_distance delta_Muv
-2.442000000000e+01 2.580000000000e-09 2.638024381734e-09 1.501015423405e-08 7.775370495463e+03 5.000000000000e-01
-2.392000000000e+01 4.730000000000e-08 4.800484842913e-08 1.037229494600e-07 7.775370495463e+03 5.000000000000e-01
-2.342000000000e+01 1.570000000000e-07 1.586156366713e-07 2.505520884999e-07 7.775370495463e+03 5.000000000000e-01
-2.305000000000e+01 6.220000000000e-07 4.223918176605e-07 4.223918176605e-07 7.775370495463e+03 3.700000000000e-01
-2.280000000000e+01 1.270000000000e-06 6.646331817749e-07 6.747033814988e-07 7.775370495463e+03 2.500000000000e-01
-2.255000000000e+01 5.210000000000e-06 2.294109435609e-06 2.294109435609e-06 7.775370495463e+03 2.500000000000e-01
-2.230000000000e+01 1.240000000000e-05 4.323829571533e-07 4.323829571533e-06 7.775370495463e+03 2.500000000000e-01
-2.205000000000e+01 2.970000000000e-05 8.040249311647e-07 8.040249311647e-07 7.775370495463e+03 2.500000000000e-01
-2.180000000000e+01 4.780000000000e-05 1.105082004674e-05 1.105082004674e-05 7.775370495463e+03 2.500000000000e-01
-2.155000000000e+01 1.000000000000e-04 2.008562154920e-05 2.008562154920e-05 7.775370495463e+03 2.500000000000e-01
-2.130000000000e+01 1.770000000000e-04 3.815184420893e-05 3.815184420893e-05 7.775370495463e+03 2.500000000000e-01
-2.105000000000e+01 2.930000000000e-04 7.126633176714e-05 7.126633176714e-05 7.775370495463e+03 2.500000000000e-01
-2.080000000000e+01 4.090000000000e-04 1.144032766618e-04 1.144032766618e-04 7.775370495463e+03 2.500000000000e-01
-2.055000000000e+01 4.310000000000e-04 1.505022754963e-04 1.505022754963e-04 7.775370495463e+03 2.500000000000e-01
-2.030000000000e+01 6.130000000000e-04 2.507947505195e-04 2.528011085237e-04 7.775370495463e+03 2.500000000000e-01
-1.875000000000e+01 1.600000000000e-03 5.000000000000e-04 5.000000000000e-04 7.799795950308e+03 5.000000000000e-01
-1.825000000000e+01 3.200000000000e-03 9.000000000000e-04 9.000000000000e-04 7.799795950308e+03 5.000000000000e-01
-1.775000000000e+01 3.400000000000e-03 1.300000000000e-03 1.300000000000e-03 7.799795950308e+03 5.000000000000e-01
-1.725000000000e+01 9.000000000000e-03 3.200000000000e-03 3.600000000000e-03 7.799795950308e+03 5.000000000000e-01
-1.675000000000e+01 1.400000000000e-02 6.000000000000e-03 8.000000000000e-03 7.799795950308e+03 5.000000000000e-01
-1.625000000000e+01 1.300000000000e-02 9.000000000000e-03 1.300000000000e-02 7.799795950308e+03 5.000000000000e-01
-1.575000000000e+01 2.900000000000e-02 2.100000000000e-02 3.500000000000e-02 7.799795950308e+03 5.000000000000e-01
-1.475000000000e+01 1.600000000000e-01 1.100000000000e-01 2.400000000000e-01 7.799795950308e+03 1.000000000000e+00
-1.425000000000e+01 1.900000000000e-01 1.500000000000e-01 4.100000000000e-01 7.799795950308e+03 5.000000000000e-01
-2.311000000000e+01 1.000000000000e-06 1.298900000000e-06 1.298900000000e-06 7.799795950308e+03 5.000000000000e-01
-2.261000000000e+01 4.000000000000e-06 2.461000000000e-06 2.461000000000e-06 7.799795950308e+03 5.000000000000e-01
-2.211000000000e+01 2.800000000000e-05 8.269800000000e-06 8.269800000000e-06 7.799795950308e+03 5.000000000000e-01
-2.161000000000e+01 9.200000000000e-05 1.489280000000e-05 1.489280000000e-05 7.799795950308e+03 5.000000000000e-01
-2.111000000000e+01 2.620000000000e-04 2.686080000000e-05 2.686080000000e-05 7.799795950308e+03 5.000000000000e-01
-2.061000000000e+01 5.840000000000e-04 4.842640000000e-05 4.842640000000e-05 7.799795950308e+03 5.000000000000e-01
-2.011000000000e+01 8.790000000000e-04 7.279550000000e-05 7.279550000000e-05 7.799795950308e+03 5.000000000000e-01
-1.961000000000e+01 1.594000000000e-03 1.679028000000e-04 1.679028000000e-04 7.799795950308e+03 5.000000000000e-01
-1.911000000000e+01 2.159000000000e-03 3.696318000000e-04 3.696318000000e-04 7.799795950308e+03 5.000000000000e-01
-1.836000000000e+01 4.620000000000e-03 5.505240000000e-04 5.505240000000e-04 7.799795950308e+03 5.000000000000e-01
-1.736000000000e+01 8.780000000000e-03 1.616384000000e-03 1.616384000000e-03 7.799795950308e+03 1.000000000000e+00
-1.636000000000e+01 2.521000000000e-02 7.651950000000e-03 7.651950000000e-03 7.799795950308e+03 1.000000000000e+00
